58.75
192.90
7908.30
154.80
94.35
1258.60
119.40
3754.10
120.90
3301.10
49.11
943.80
18253.85
616.20
280.90
838.70
200.10
785.70
78.78
11577.51
152.30
679.40
98.17
144.10
583.70
81.41
763.00
1896.00
3168.80
852.40
831.20
964.00
70.71
890.20
111.00
1020.00
6448.30
120.51
235.40
64.56
10453.90
74.38
9181.40
156.66
99.15
12463.20
12217.56
10717.50
17425.03
435.70
2753.20
16576.66
107.23
1938.80
177.30
615.90
5117.10
731.10
905.10
135.90
1004.70
8776.39
875.00
1211.60
95.00
10786.80
499.50
10783.00
181.20
96.56
1046.50
10021.50
1546.70
82.20
177.20
2633.70
77.90
104.00
2168.60
805.00
11497.10
488.40
40.45
291.90
10428.00
150.20
17823.07
157.20
179.90
13264.80
49.41
95.52
248.50
99.90
874.10
64.29
652.10
850.90
54.58
70.05
71.95
800.40
200.70
404.40
80.80
8341.63
87.87
164.60
99.05
65.73
269.20
300.00
3834.40
59.90
131.10
86.15
969.30
13104.14
60.52
81.58
838.90