2264574084
4439632465
3322495121
2437183278
5735123084
2221135654
2314055062
1730559024
1650000000
1893171642
2617940399
3909722120
1996950908
5971882825
1750000000
2070000000
5570045380
4136542070
1931439861
3757734668
5485115276
1819975472
4362189531
2384963558
1860000000
1740369356
1911708727
2963216053
2121306518
1720607035
1680114897
6360764684
2172497229
2408024366
6126622121
7181715139
2525149312
5815392305
4518602042
2197296392
7097500453
5398328753
6519635850
6049205203
3833594894
5653315893
1700426220
1845477011
4852540569
4942056118
6204310739
5033804944
3533966901
1659947572
6763732879
2664029010
2473954492
6929725043
7349472099
3607865513
1974148984
4061399228
3390685523
1669996608
2044978045
2020593592
4599003374
7265785946
2571867515
3461343172
1787947089
1690269397
6681607320
5126632694
1768814621
1952282002
4681210508
2095524322
2366593074
1875909155
1759443033
1710550627
4286282447
1798018386
3133554362
6846479521
2909651396
2710677773
2807246148
2338643871
1778264825
2326540535
6439842408
2351580095
3075073173
2243677560
2283468864
5894155105
4765657562
3682487691
1832196157
5309667699
6282301767
2857662910
2300000000
7013427052
6600220247
3018343828
3985733775
3194075347
3256988501
1808639504
4211322427
2147063356
5218978019
2758314525